Eps: 0.001
Lambda: 0.2
Mu: 1.0
Tau: 1.1
Beta: 1.0
NumberOfLayers: 3
SizeOfLayerNumber 0: 16
SizeOfLayerNumber 1: 5
SizeOfLayerNumber 2: 16
Layer 1: 5 16
0,00 -0,00 -0,00 -0,00 -0,00 0,00 0,00 0,00 0,00 0,00 0,00 0,00 0,00 0,00 0,00 0,00    -0,00
0,00 -0,00 -0,00 -0,00 -0,00 0,00 0,00 0,00 0,00 0,00 0,00 0,00 0,00 0,00 0,00 0,00    -0,00
0,00 -0,00 -0,00 -0,00 -0,00 0,00 0,00 0,00 0,00 0,00 0,00 0,00 0,00 0,00 0,00 0,00    -0,00
0,00 -0,00 -0,00 0,00 -0,00 0,00 0,00 0,00 0,00 0,00 0,00 0,00 0,00 0,00 0,00 0,00    -0,00
0,00 -0,00 -0,00 -0,00 -0,00 0,00 0,00 0,00 0,00 0,00 0,00 0,00 0,00 0,00 0,00 0,00    -0,00
Layer 2: 16 5
-0,00 -0,00 -0,00 -0,00 -0,00    5,35
-0,00 -0,00 -0,00 -0,00 -0,00    5,35
-0,00 -0,00 -0,00 -0,00 -0,00    5,35
-0,00 -0,00 -0,00 -0,00 -0,00    5,35
-0,00 -0,00 -0,00 -0,00 -0,00    5,35
-0,00 -0,00 -0,00 -0,00 -0,00    5,35
-0,00 -0,00 -0,00 -0,00 -0,00    5,35
-0,00 -0,00 -0,00 -0,00 -0,00    5,35
-0,00 -0,00 -0,00 -0,00 -0,00    5,35
-0,00 -0,00 -0,00 -0,00 -0,00    5,35
-0,00 -0,00 -0,00 -0,00 -0,00    5,35
-0,00 -0,00 -0,00 -0,00 -0,00    5,35
-0,00 -0,00 -0,00 -0,00 -0,00    5,35
-0,00 -0,00 -0,00 -0,00 -0,00    5,35
-0,00 -0,00 -0,00 -0,00 -0,00    5,35
-0,00 -0,00 -0,00 -0,00 -0,00    5,35
