Eps: 0.001
Lambda: 0.2
Mu: 1.0
Tau: 1.1
Beta: 1.0
NumberOfLayers: 3
SizeOfLayerNumber 0: 16
SizeOfLayerNumber 1: 5
SizeOfLayerNumber 2: 16
Layer 1: 5 16
0.49 -0.62 0.95 -6.02 0.75 0.00 0.00 0.00 0.00 0.00 0.00 0.00 0.00 0.00 0.00 0.00    -4.32
-8.97 -9.37 -9.08 0.85 -8.15 0.00 0.00 0.00 0.00 0.00 0.00 0.00 0.00 0.00 0.00 0.00    -7.61
-7.34 -7.68 -7.38 0.40 -6.62 0.00 0.00 0.00 0.00 0.00 0.00 0.00 0.00 0.00 0.00 0.00    -6.85
-11.74 -12.65 -11.94 -0.23 -10.68 0.00 0.00 0.00 0.00 0.00 0.00 0.00 0.00 0.00 0.00 0.00    -11.83
-7.62 -8.18 -7.61 0.42 -6.80 0.00 0.00 0.00 0.00 0.00 0.00 0.00 0.00 0.00 0.00 0.00    -6.71
Layer 2: 16 5
-2.51 -0.20 0.43 1.06 0.33    3.19
-1.72 0.11 0.51 1.08 0.41    2.41
-0.65 -2.54 -3.47 -3.88 -3.17    1.32
-1.36 -0.25 -0.09 0.22 -0.12    1.94
-2.19 -0.45 0.00 0.48 -0.03    2.83
-0.33 -0.40 -0.42 -0.63 -0.34    1.35
-1.95 -0.65 -0.41 -0.05 -0.32    2.53
-1.90 -0.69 -0.47 -0.13 -0.36    2.44
-1.17 1.58 2.24 2.98 2.22    2.06
-1.95 0.63 1.26 1.91 1.28    3.20
-1.72 0.93 1.68 2.36 1.64    2.88
-0.97 -0.54 -0.63 -0.62 -0.75    1.17
-1.32 -0.07 0.20 0.52 0.32    2.94
-2.48 -0.14 0.46 1.06 0.39    3.16
-0.71 -0.29 -0.26 -0.22 -0.12    2.08
-0.76 -0.37 -0.37 -0.25 -0.36    1.34
